-149.191962833171
-149.44651073744
-147.642801087544
-149.319786291254
-149.377423802899
-149.431916620164
-149.06045789761
-149.068392049475
-149.05267341861
-149.052764107
-149.363018268157
-149.376589234365
-149.395172503652
-149.44651073744
-149.446510737504
-149.446510737361
-149.446510737464
-149.446510739486
-149.446510742105
-149.446510740466
-149.238842411275
-149.238842411331
-149.23884241122
-149.238842411285
-149.23884240936
-149.238842415005
-149.238842408907
-149.464680239969
-149.464680240025
-149.464680239897
-149.464680239996
-149.464680237955
-149.464680240165
-149.464680238746
-149.469758291901
-149.469758291961
-149.469758291831
-149.469758291926
-149.46975829047
-149.469758292639
-149.469758291236
-149.482706283046
-149.48270628312
-149.482706282986
-149.482706283065
-149.482706282922
-149.482706284951
-149.482706283555
-149.502206184948
-149.502206185038
-149.502206184909
-149.502206184958
-149.502206184762
-149.502206186007
-149.502206184937
-149.513487963321
-149.513487963433
-149.51348796332
-149.51348796332
-149.513487963735
-149.5134879606
-149.513487963845
-149.515202404982
-149.515202405092
-149.515202404979
-149.515202404982
-149.515202405326
-149.51520240318
-149.515202405175
-149.516022353716
-149.516022353822
-149.516022353707
-149.516022353716
-149.516022353803
-149.516022353414
-149.516022353297
-149.516227198427
-149.516227198534
-149.516227198419
-149.516227198427
-149.516227198589
-149.516227197733
-149.516227198182
-149.516426891144
-149.516426891251
-149.516426891135
-149.516426891144
-149.516426891324
-149.516426890275
-149.516426890983
-149.517303352392
-149.517303352502
-149.517303352379
-149.517303352394
-149.517303352579
-149.517303351084
-149.517303352463
-149.517998768589
-149.517998768699
-149.517998768569
-149.517998768592
-149.51799876865
-149.51799876741
-149.517998768668
-149.518355010988
-149.518355011098
-149.518355010965
-149.518355010991
-149.51835501096
-149.518355009961
-149.518355011037
-149.519166895909
-149.519166896018
-149.519166895882
-149.519166895913
-149.519166895731
-149.519166895118
-149.519166895912
-149.519736629919
-149.519736629809
-149.519736629887
-149.519736629924
-149.519736629503
-149.519736629464
-149.519736629879
-149.520691120199
-149.52069112009
-149.520691120171
-149.520691120204
-149.520691119971
-149.520691119417
-149.520691120221
-149.521417648339
-149.52141764823
-149.521417648316
-149.521417648343
-149.521417648291
-149.521417647342
-149.521417648366
-149.521485143602
-149.521485143494
-149.521485143582
-149.521485143606
-149.521485143588
-149.52148514263
-149.521485143596
-149.521507699497
-149.521507699388
-149.521507699477
-149.5215076995
-149.521507699493
-149.52150769851
-149.521507699493
-149.521694522945
-149.521694522836
-149.521694522927
-149.521694522948
-149.521694523018
-149.521694521814
-149.521694522982
-149.521957114441
-149.521957114332
-149.521957114426
-149.521957114444
-149.521957114598
-149.52195711312
-149.521957114544
-149.522063272273
-149.522063272162
-149.522063272258
-149.522063272275
-149.522063272522
-149.522063270632
-149.522063272498
-149.522250265476
-149.522250265365
-149.52225026546
-149.522250265478
-149.522250265673
-149.522250264013
-149.522250265641
-149.522528367291
-149.522528367182
-149.522528367272
-149.522528367295
-149.52252836727
-149.522528366419
-149.522528367272
-149.522537615049
-149.52253761494
-149.52253761503
-149.522537615053
-149.522537615065
-149.522537614076
-149.522537615065
-149.522539550864
-149.522539550755
-149.522539550845
-149.522539550868
-149.522539550879
-149.522539549884
-149.522539550883
-149.52255327805
-149.52255327794
-149.52255327803
-149.522553278054
-149.522553278062
-149.522553277048
-149.522553278084
-149.522576651146
-149.522576651036
-149.522576651124
-149.522576651149
-149.522576651154
-149.522576650073
-149.522576651226
-149.522600882439
-149.522600882329
-149.522600882417
-149.522600882442
-149.522600882445
-149.522600881402
-149.522600882499
-149.522687521863
-149.522687521753
-149.522687521843
-149.522687521865
-149.52268752186
-149.52268752099
-149.522687521842
-149.522726489745
-149.522726489636
-149.522726489725
-149.522726489747
-149.522726489744
-149.52272648888
-149.522726489724
-149.522796562976
-149.522796562867
-149.522796562954
-149.522796562976
-149.522796562964
-149.522796562122
-149.522796562969
-149.522797521587
-149.522797521478
-149.522797521566
-149.522797521587
-149.522797521589
-149.522797520705
-149.522797521588
-149.522797540892
-149.522797540782
-149.52279754087
-149.522797540892
-149.522797540892
-149.522797540013
-149.522797540892
-149.322399702677
-149.500436004469
-146.068628140969
-149.372597556951
-148.914986448677
-148.614398193461
-148.628414131626
-148.620553735545
-148.620242103621
-148.862827651084
-149.312225348286


-141.662455034175
-149.393334089029
-149.433252834588
-148.83729571737
-149.0689140765
-149.363176447302
-149.362480274019
-149.361685657517
-149.361148302852
-149.34524142673
-149.376095660774
-149.215385233997
-140.813353114722
-146.837619910755
-149.254791784372
-149.456638838916
-147.803296986724
-149.473792600699
-149.471418283755
-149.475769183684
-149.475147987362
-149.332036254722
-149.447431627838
-148.921143691875
-149.368801542742
-149.387336645361
-149.334930605028
-148.664467978832
-112.822950517035
-148.272106804048
-148.276643526725
-148.261304751767
-148.261746905147
-148.834093191296
-148.707248737096
-148.948038613708
-146.535389325166
-147.998347930057
-148.639718390557
-149.325782205657
-149.380424644748
-147.045986834368
-147.076558990497
-147.079275645608
-147.079849903916
-149.268192381108
-148.662842845108
-149.101677036832
-149.248961692924
-149.44053467348
-149.465671891067
-148.822339809902
-149.388073617424
-149.456094946167
-149.453376138795
-149.452588600291
-149.451846893787
-149.482361429802
-149.486855142289
-149.2783362254
-149.412782778377
-146.501353556509
-149.434286349462
-149.08524373587
-149.393790220814
-149.297707212714
-149.297853284101
-149.308366504412
-149.303753674112
-145.708296803674
-148.224243828037
-143.580147468231
-149.246307378942
-147.976650600011
-149.327388444358
-147.725752797163
-149.379319244421
-149.363135046474
-149.363708461152
-149.359500875668
-149.359518340219
-149.011380469088
-149.258119068183
-149.405474267897
