distance  1.4142135623730951 -74.48408053087361 3.0834396378071034
distance  1.298591926207798 -74.47971268813342 2.923274204169342
distance  4.382487184165149 -72.65325025987241 3.383739444435906
distance  1.8680303685063246 -74.1858349626472 3.1005097407289983
distance  4.616654611338599 -72.85898846858703 2.545674204565153
distance  1.9378174254208012 -74.31769693568349 2.411356494802865
distance  1.787789577275681 -74.29138530874144 4.491150283458281
distance  2.2652283110237432 -74.43512683586326 2.7774122134126307
distance  2.866809989650373 -74.53371266292693 0.9980068269006201
distance  5.087226758681678 -73.94251131622087 0.9364617151775058
distance  5.137897106463964 -74.45884670224373 0.9364617151775058
distance  4.389342945117844 -74.46929575721336 0.9364617151775058
distance  1.7303096977413768 -74.72748824507386 0.9364617151775058
distance  3.3434337712584745 -74.5566972065824 2.0691674664833
distance  3.707825272438816 -74.55694418460679 2.866360722362419
distance  5.077871207982033 -74.55698331374924 5.548218835336249
distance  5.077871207982033 -74.48101941361925 5.430059862691973
distance  5.077871207982033 -72.44429630081417 5.0344860989193725
distance  5.077871207982033 -74.28255396944326 1.7018181786567161
distance  1.7303096977413768 -74.72748824507394 0.9364617151775058
distance  1.7303097019061136 -74.7274882441604 0.9364617151775058
distance  1.7303096914268516 -74.72748824710362 0.9364617151775058
distance  1.730309691200602 -74.72748824677677 0.9364617151775058
distance  1.73030969357664 -74.72748824725076 0.9364617189291674
distance  1.7303097040559021 -74.72748824484154 0.9364617244413374
distance  1.7303097042821518 -74.72748824293112 0.9364617155037891
distance  1.7303096977413768 -74.72748824381067 0.9364617114258443
distance  1.7303096977413768 -74.72748824327655 0.9364617059136744
distance  1.7303096977413768 -74.72748824551381 0.9364617148512226
distance  1.2158747950840552 -74.85928202440101 1.2585576602167545
distance  1.215874798469207 -74.8592820240505 1.2585576602167545
distance  1.215874787958321 -74.8592820266581 1.2585576602167545
distance  1.2158747889387596 -74.85928202566915 1.2585576602167545
distance  1.2158747916989032 -74.85928202361379 1.2585576657416346
distance  1.2158748022097892 -74.85928201956905 1.2585576683532178
distance  1.2158748012293508 -74.85928202313154 1.258557658407427
distance  1.2158747950840552 -74.85928202553883 1.2585576546918746
distance  1.2158747950840552 -74.85928202697586 1.2585576520802915
distance  1.2158747950840552 -74.85928202440239 1.2585576620260823
distance  0.4942066768557847 -73.85319465225263 1.3816532440869487
distance  0.49420667970756793 -73.85319467430043 1.3816532440869487
distance  0.49420666925629003 -73.85319459640674 1.3816532440869487
distance  0.4942066710149789 -73.85319460831576 1.3816532440869487
distance  0.4942066740040016 -73.85319462786836 1.3816532508887418
distance  0.49420668445527943 -73.85319470548171 1.3816532504357302
distance  0.4942066826965905 -73.85319469726552 1.3816532404224455
distance  0.4942066768557847 -73.85319465458923 1.3816532372851553
distance  0.4942066768557847 -73.85319465486963 1.3816532377381672
distance  0.4942066768557847 -73.8531946533287 1.3816532404224455
distance  1.0209103799701271 -74.89110282911092 1.2807463314201444
distance  1.0209103832868065 -74.8911028296126 1.2807463314201444
distance  1.0209103727801123 -74.8911028298524 1.2807463314201444
distance  1.0209103738624825 -74.89110282894995 1.2807463314201444
distance  1.020910376653448 -74.89110282720371 1.280746337363989
distance  1.0209103871601422 -74.89110282573823 1.2807463391064589
distance  1.0209103860777717 -74.89110282949152 1.2807463290555556
distance  1.0209103799701271 -74.89110283051633 1.2807463254763
distance  1.0209103799701271 -74.89110283174197 1.2807463237338297
distance  1.0209103799701271 -74.89110282889118 1.2807463337847331
distance  0.9868190520545332 -74.94780555297297 1.1002858840787721
distance  0.9868190562333343 -74.94780555351161 1.1002858840787721
distance  0.9868190457521372 -74.94780555323743 1.1002858840787721
distance  0.9868190455110307 -74.947805552581 1.1002858840787721
distance  0.9868190478757322 -74.94780555162902 1.1002858901666626
distance  0.9868190583569294 -74.94780555105125 1.1002858915968625
distance  0.9868190585980358 -74.94780555342233 1.1002858815458074
distance  0.9868190520545332 -74.94780555377841 1.1002858779908817
distance  0.9868190520545332 -74.94780555463042 1.100285876560682
distance  0.9868190520545332 -74.94780555291581 1.100285886611737
distance  1.0507102818807712 -74.8898372137716 0.788964121760452
distance  1.0507102874400032 -74.88983721287254 0.788964121760452
distance  1.050710277455045 -74.88983721435297 0.788964121760452
distance  1.0507102748445871 -74.88983721485273 0.788964121760452
distance  1.0507102763215392 -74.88983722016458 0.7889641281628862
distance  1.0507102863064974 -74.88983721943482 0.7889641288564203
distance  1.0507102889169553 -74.88983721023175 0.788964118818332
distance  1.0507102818807712 -74.88983720827771 0.7889641153580179
distance  1.0507102818807712 -74.88983720752725 0.7889641146644838
distance  1.0507102818807712 -74.88983721623045 0.7889641247025723
distance  1.0019265067299714 -74.96340023305035 0.9943057179394993
distance  1.0019265114268898 -74.96340023319229 0.9943057179394993
distance  1.0019265010535676 -74.96340023344666 0.9943057179394993
distance  1.0019264999685074 -74.96340023308437 0.9943057179394993
distance  1.0019265020330532 -74.96340023307484 0.9943057241146667
distance  1.0019265124063754 -74.96340023241828 0.994305725347322
distance  1.0019265134914357 -74.96340023276201 0.9943057152953604
distance  1.0019265067299714 -74.96340023288381 0.9943057117643318
distance  1.0019265067299714 -74.96340023328591 0.9943057105316766
distance  1.0019265067299714 -74.96340023330441 0.9943057205836382
distance  0.969843830528743 -74.96484254653465 0.9746913062272627
distance  0.9698438354816104 -74.96484254687189 0.9746913062272627
distance  0.969843825192644 -74.96484254639306 0.9746913062272627
distance  0.969843823673442 -74.96484254616115 0.9746913062272627
distance  0.9698438255758759 -74.9648425464966 0.9746913125847995
distance  0.9698438358648421 -74.96484254684069 0.9746913133756991
distance  0.9698438373840441 -74.96484254669876 0.9746913033149469
distance  0.969843830528743 -74.96484254623539 0.974691299869726
distance  0.969843830528743 -74.96484254637018 0.9746912990788263
distance  0.969843830528743 -74.96484254674401 0.9746913091395787
distance  0.9836540584970451 -74.96557880502228 0.9804139141154684
distance  0.9836540634822077 -74.96557880516086 0.9804139141154684
distance  0.9836540532058574 -74.96557880503049 0.9804139141154684
distance  0.9836540516303512 -74.96557880489675 0.9804139141154684
distance  0.9836540535118825 -74.96557880507825 0.9804139204863668
distance  0.9836540637882328 -74.96557880510984 0.9804139212423681
distance  0.9836540653637391 -74.96557880500708 0.9804139111796631
distance  0.9836540584970451 -74.96557880482796 0.98041390774457
distance  0.9836540584970451 -74.96557880492672 0.9804139069885686
distance  0.9836540584970451 -74.96557880516309 0.9804139170512737
distance  0.9892885870300373 -74.96589084154294 0.9907236927314523
distance  0.9892885920795844 -74.96589084156061 0.9907236927314523
distance  0.9892885818292864 -74.9658908415559 0.9907236927314523
distance  0.9892885801413318 -74.96589084153194 0.9907236927314523
distance  0.9892885819804904 -74.96589084151817 0.9907236991564415
distance  0.9892885922307882 -74.96589084149772 0.990723699772892
distance  0.9892885939187428 -74.96589084154706 0.9907236897085989
distance  0.9892885870300373 -74.96589084155 0.9907236863064631
distance  0.9892885870300373 -74.9658908415752 0.9907236856900129
distance  0.9892885870300373 -74.96589084154989 0.9907236957543059
distance  0.9899856453350911 -74.96590060070913 0.9890316065937327
distance  0.9899856504114325 -74.96590060070153 0.9890316065937327
distance  0.9899856401723486 -74.96590060071564 0.9890316065937327
distance  0.989985638437494 -74.96590060071901 0.9890316065937327
distance  0.9899856402587498 -74.96590060072234 0.9890316130322346
distance  0.9899856504978339 -74.96590060070973 0.9890316136137666
distance  0.9899856522326883 -74.96590060069704 0.9890316035499169
distance  0.9899856453350911 -74.96590060070343 0.9890316001552306
distance  0.9899856453350911 -74.96590060070191 0.9890315995736987
distance  0.9899856453350911 -74.96590060071131 0.9890316096375485
distance  0.9894443530134622 -74.96590118995152 0.9894388370331285
distance  0.9894443580879868 -74.96590118995104 0.9894388370331285
distance  0.9894443478481032 -74.96590118995192 0.9894388370331285
distance  0.9894443461164872 -74.96590118995218 0.9894388370331285
distance  0.9894443479389379 -74.96590118995155 0.989438843471916
distance  0.9894443581788214 -74.96590118995071 0.9894388440527122
distance  0.9894443599104374 -74.96590118995127 0.9894388339888781
distance  0.9894443530134622 -74.96590118995199 0.989438830594341
distance  0.9894443530134622 -74.96590118995195 0.9894388300135449
distance  0.9894443530134622 -74.96590118995137 0.989438840077379
distance  0.989408703271302 -74.96590119228341 0.9894112040640094
distance  0.9894087083457895 -74.96590119228343 0.9894112040640094
distance  0.9894086981059017 -74.96590119228334 0.9894112040640094
distance  0.9894086963743307 -74.96590119228328 0.9894112040640094
distance  0.9894086981968147 -74.96590119228338 0.9894112105027767
distance  0.9894087084367025 -74.9659011922833 0.989411211083631
distance  0.9894087101682735 -74.9659011922834 0.9894112010198033
distance  0.989408703271302 -74.96590119228337 0.9894111976252422
distance  0.989408703271302 -74.9659011922834 0.9894111970443881
distance  0.989408703271302 -74.96590119228338 0.9894112071082156
distance  3.877614145743184 -72.69089440666532 3.2676103556923564
distance  4.731818729191244 -72.66374528201646 3.250466331351946
distance  4.092569237927578 -72.84203291103572 2.469064820568705
distance  4.8562156119119875 -72.6122682166872 4.841459931201061
distance  4.152854228553875 -74.3794268093652 1.4412843903568375
distance  5.383952003413977 -74.3427241149151 5.229267842871087
distance  2.4140009477253344 -74.52621139234027 1.3305087319201692
distance  2.7214263385853914 -72.80711495728909 2.635248677392094
distance  3.2548561742136632 -74.37903954101846 3.7009544515208637
distance  1.9611563869732775 -74.3617488046154 3.7009544515208637
distance  2.1111952683857034 -74.17049325638413 3.7009544515208637
distance  1.022696043391305 -74.13332896888858 3.7009544515208637
distance  1.0848214361755142 -74.4849401777175 3.2653491297928383
distance  0.679906052910256 -74.31150908580241 2.6755034864218628
distance  1.685652322626583 -74.50738108783827 1.9290917267200334
distance  1.685652322626583 -74.37434180428278 2.6194330593194803
distance  1.685652322626583 -74.37861089454846 2.589186628436397
distance  1.685652322626583 -74.44314331681936 2.6725374233323866
distance  3.4703451109817443 -74.2835843378954 1.6464960710331695
distance  4.007400604363415 -74.32882433971662 2.0152991595490883
distance  1.4207466997155962 -74.63133959876258 2.0152991595490883
distance  1.4256026146558503 -74.50261292747707 2.488322260031438
distance  0.6727432638636499 -74.32783619144855 2.284779237432661
distance  3.597276691241076 -74.40154537118389 2.37424678610361
distance  1.3375312336689742 -74.43777566047704 3.29760256701792
distance  2.2217525184538554 -74.21033588561001 3.557899035848727
distance  4.3287079380252065 -72.62928094741385 4.899212962176131
distance  4.545619407872738 -72.62201994201938 4.899212962176131
distance  4.731540220483976 -72.61201038963975 4.899212962176131
distance  5.170712967467024 -72.56534128899463 4.899212962176131
distance  6.314696524969755 -72.48374709425259 5.22085971300356
distance  5.612477025974798 -72.55913522827461 4.092995196476729
distance  6.166088845105089 -72.49807137020163 4.96354226641972
distance  6.166088845105089 -72.55477928677988 4.670707132731362
distance  6.166088845105089 -72.59487639705945 4.379779806007146
distance  6.166088845105089 -72.77691544441747 2.7201085053471528
distance  3.943006502055414 -72.76826328820019 3.0069911102184146
distance  3.2105630890821892 -72.89091316170439 2.723905376750414
distance  1.2288405074569495 -74.58228692920876 2.197875302414272
distance  2.3385597183286966 -74.11841085580267 3.1257937338349624
distance  3.375908313584445 -72.687044845583 3.967328056163269
distance  4.332551326920511 -74.29750532958528 0.7130462124360307
distance  1.6623670280832428 -74.54767131749082 1.687559554519299
distance  2.33277401054376 -73.93168453752747 3.8053624384442104
distance  3.2485055052619813 -74.66902195352938 2.4294754400886727
distance  5.0440557169707985 -74.00202403479045 2.4294754400886727
distance  5.26181160487178 -72.80669614159157 2.4294754400886727
distance  5.3285076464585375 -72.81996151818029 2.4294754400886727
distance  3.652279783647685 -72.72899590155275 4.145642432583316
distance  4.047686095356863 -72.6867191866503 4.3853045791983165
distance  5.589351553445371 -72.56189819893697 4.816839240417433
distance  5.589351553445371 -72.55374025123425 5.7185501597212625
distance  5.589351553445371 -72.53508650710643 6.255665292985731
distance  5.589351553445371 -72.5502858124479 6.001475879082772
distance  1.7071900036467123 -74.34429806935175 2.9045452133687064
distance  2.4114698628462437 -74.53603541906715 1.5266341296060861
distance  2.6524397770208616 -72.90330315287115 3.312060501987441
distance  3.3829847150713563 -72.82803265600418 3.1301451143237315
distance  4.704199839719257 -72.71103355105586 3.831750706628947
distance  3.9808612947830353 -72.75968755303053 3.707790956313278
distance  1.7825270034590739 -72.73897585535339 0.4012055157038054
distance  3.3278565747047963 -74.16555296765073 3.8381587577064193
distance  3.700578918598521 -72.66980406298251 4.67884736886212
distance  3.857291977696674 -72.68235294431902 4.67884736886212
distance  3.8682390246085117 -72.7099554585496 4.67884736886212
distance  3.2565926513269745 -72.71751032028519 4.67884736886212
distance  3.6195646724745925 -72.67083435300756 4.340407665706679
distance  2.660168017317114 -74.2917788473206 1.9721637820973477
distance  2.3680278260334635 -74.43647083692625 1.5775693181092156
distance  2.3680278260334635 -74.48015314843902 1.4467166895712131
distance  2.3680278260334635 -74.26764788540268 2.263464310903795
distance  2.3680278260334635 -74.25243269731325 2.347837317793732
distance  3.1500786795054525 -74.58304208614055 2.8455926517950334
distance  5.479462781715492 -72.52515542801305 3.823637644447022
distance  1.896857713215836 -74.4848537928524 1.6696401977234296
distance  4.258264183785414 -72.73182360858674 3.2320410383672655
distance  3.2356483066853436 -72.74116012177578 3.7974242730110634
distance  1.7022266180580898 -74.71725377296225 2.456768502358228
distance  1.733506156665547 -74.3479187882085 2.583866233506142
distance  2.1515214912208918 -74.25285235167156 4.518674184832689
distance  4.634292651815449 -72.61148089466255 4.471630576361441
distance  5.350489521665972 -72.51501980627435 4.471630576361441
distance  4.988107215816265 -72.62442849022963 4.471630576361441
distance  3.367679411118453 -72.72536370380745 4.471630576361441
distance  2.5697918561976456 -73.03233208747444 3.7251603482986058
distance  2.1260375971639744 -73.97045368568017 4.579755427095173
distance  2.1500974992099717 -73.98185457847782 4.914842989325624
distance  2.1500974992099717 -74.28769662373863 4.918128566194007
distance  2.1500974992099717 -74.31966115509464 4.345935380314768
distance  2.1500974992099717 -74.01310657778225 4.603173327939988
distance  4.207921841518516 -72.6484591304865 3.60645215854421
distance  2.964118079636603 -72.80065691007879 2.8610252329379424
distance  3.1529709654273153 -74.4630140506222 1.1231679633072331
distance  3.5307811735889483 -74.38485432576962 2.7322563210456283
distance  4.672102909845826 -74.25162026866575 2.076779561384289
distance  1.727573057044737 -74.66013562335591 1.395639076338665
distance  3.4083683584118822 -72.66962479390676 4.780389574370538
distance  3.7302550011360265 -74.01542045844906 1.899278178596915
distance  2.7822221968342693 -74.48866562166344 2.7405813414341096
distance  1.0630957428893564 -74.54238004390186 2.7405813414341096
distance  2.919585711340169 -73.13042037034631 2.7405813414341096
distance  2.7680355738452325 -72.89056614412029 2.7405813414341096
distance  4.286153665996998 -74.41200318117457 1.3379171450734408
distance  3.3583523860585434 -74.41367778736786 1.1790399332934605
distance  3.8479186491515973 -72.75459246575441 2.8978459138491637
distance  3.8479186491515973 -72.61513279513473 3.639977190595951
distance  3.8479186491515973 -74.32702649015859 4.040732195901619
distance  3.8479186491515973 -72.61309257905673 4.96007539720813
distance  4.355927944883901 -72.66914842872924 3.3796979290540103
distance  3.4562005714785555 -72.72325996753008 3.7128955530050365
distance  4.539626268706796 -72.64786962516686 4.561760550269752
distance  5.050479806384413 -72.70564519608051 3.574616973754728
distance  5.468472752991048 -72.83397245445843 2.334462045558563
distance  1.7141004454682442 -74.3292857350682 2.836436276732716
distance  1.6622166495810007 -74.70063718731372 1.5819264093563108
distance  2.4356707411741714 -73.93987731394743 3.6312801162948096
distance  3.2695512508133397 -74.692283341337 4.014120958652002
distance  2.199439048908915 -74.31191721088213 4.014120958652002
distance  3.221357886716315 -72.72714913845797 4.014120958652002
distance  3.105960635680576 -72.74066547970585 4.014120958652002
